[
  -0.07835829257965088,
  -0.009117310866713524,
  0.03208208829164505,
  0.024911006912589073,
  -0.003660869784653187,
  -0.041522953659296036,
  -0.06889449805021286,
  0.0214992668479681,
  0.03978225961327553,
  0.014850440435111523,
  -0.06706005334854126,
  -0.0926448181271553,
  0.053364939987659454,
  0.029946869239211082,
  0.037741586565971375,
  0.027900397777557373,
  0.022942187264561653,
  0.007753094658255577,
  0.005483292043209076,
  0.022709306329488754,
  0.021352101117372513,
  0.018512912094593048,
  -0.010006747208535671,
  -0.036774348467588425,
  -0.042762212455272675,
  -0.006752591114491224,
  -0.06214514747262001,
  -0.011868016794323921,
  0.030010176822543144,
  0.03147732466459274,
  -0.0037835300900042057,
  0.05316925421357155,
  0.0434972420334816,
  -0.005010513588786125,
  0.03665505722165108,
  -0.05369509011507034,
  0.012390860356390476,
  0.047801464796066284,
  0.011162158101797104,
  -0.05970703437924385,
  0.024872351437807083,
  0.006247187964618206,
  0.03303908929228783,
  0.03434145450592041,
  0.033375177532434464,
  -0.11354750394821167,
  -0.017782136797904968,
  0.011964930221438408,
  -0.08230142295360565,
  0.053293000906705856,
  0.01955558732151985,
  0.0328478142619133,
  0.026105321943759918,
  0.038464486598968506,
  -0.10922721028327942,
  -0.05388649180531502,
  -0.02497291937470436,
  0.02362688258290291,
  0.0373702347278595,
  0.020618652924895287,
  0.009157586842775345,
  -0.007147005293518305,
  -0.013394689187407494,
  -0.019692355766892433,
  0.042194731533527374,
  0.048355527222156525,
  0.03512241691350937,
  -0.03830159083008766,
  -0.049859363585710526,
  -0.07092295587062836,
  -0.0003517643199302256,
  0.007560055237263441,
  0.020624421536922455,
  -0.00015089708904270083,
  0.02960406430065632,
  0.03134167194366455,
  0.033301644027233124,
  -0.01132911629974842,
  -0.0875844657421112,
  -0.08017784357070923,
  -0.07886171340942383,
  -0.04178904742002487,
  -0.054154377430677414,
  -0.053045399487018585,
  -0.028756102547049522,
  -0.07170362025499344,
  -0.07386580854654312,
  0.03712568059563637,
  0.03657784312963486,
  -0.03380132466554642,
  0.028121663257479668,
  -0.05254916101694107,
  0.019284194335341454,
  -0.07393626868724823,
  0.046133723109960556,
  -0.09190525114536285,
  0.04425602778792381,
  0.030013227835297585,
  -0.11249395459890366,
  -0.0503801628947258,
  0.03030725196003914,
  -0.056679531931877136,
  -0.06950339674949646,
  0.0045530833303928375,
  0.03819569572806358,
  0.035606227815151215,
  0.0523543655872345,
  0.017990848049521446,
  0.023030396550893784,
  0.0291285440325737,
  -0.0756072849035263,
  -0.00719487713649869,
  0.07923822849988937,
  -0.001443458255380392,
  0.027367349714040756,
  0.04569229856133461,
  -0.050939399749040604,
  0.04107920825481415,
  -0.04222364351153374,
  0.03467739000916481,
  0.04293443635106087,
  -0.06979471445083618,
  0.019327398389577866,
  0.044776979833841324,
  -0.04591541364789009,
  0.05419440567493439,
  -0.08005692809820175,
  0.031805820763111115,
  0.03826754540205002,
  0.04248323291540146,
  -0.03245546668767929,
  0.015061468817293644,
  0.023077616468071938,
  0.05755825713276863,
  0.01617300696671009,
  -0.08138731867074966,
  -0.06840008497238159,
  0.025799531489610672,
  -0.07038700580596924,
  -0.04021841660141945,
  0.014909292571246624,
  0.003957351669669151,
  -0.03766162320971489,
  0.059134870767593384,
  -0.06810160726308823,
  0.03242183476686478,
  0.01398997288197279,
  -0.015576536767184734,
  0.007474849466234446,
  -0.11007706075906754,
  0.033990148454904556,
  -0.043335068970918655,
  -0.08267132937908173,
  -0.0036338169593364,
  0.047636982053518295,
  0.04078212380409241,
  0.0202897097915411,
  -0.09562347829341888,
  -0.08645232766866684,
  0.018327314406633377,
  0.0447111651301384,
  0.027304470539093018,
  0.0037644437979906797,
  0.01537877507507801,
  -0.010083954781293869,
  0.0009535131393931806,
  0.01868310756981373,
  0.018668649718165398,
  0.03331061080098152,
  0.04439535364508629,
  0.025872575119137764,
  -0.08538822084665298,
  0.02834942750632763,
  -0.06977689266204834,
  -0.02153589017689228,
  -0.0023160192649811506,
  -0.046069804579019547,
  0.015285040251910686,
  0.013599139638245106,
  -0.08899969607591629,
  0.03838863596320152,
  -0.05536823347210884,
  0.018931325525045395,
  0.018293941393494606,
  -0.08961029350757599,
  -0.010780464857816696,
  0.048527590930461884,
  0.04721220210194588,
  -0.07635051757097244,
  -0.054942384362220764,
  0.021115701645612717,
  0.02533167228102684,
  -0.07653064280748367,
  0.013112151995301247,
  0.016934627667069435,
  0.022060871124267578,
  0.024680819362401962,
  0.03791885823011398,
  0.04935818165540695,
  -0.022237401455640793,
  0.052025943994522095,
  0.03820230811834335,
  -0.07500475645065308,
  0.01241303700953722,
  -0.000695160124450922,
  0.00906243734061718,
  0.03410797938704491,
  0.018131613731384277,
  0.018597489222884178,
  0.01516837440431118,
  0.0031473312992602587,
  -0.05811873823404312,
  -0.04579046741127968,
  0.02382800728082657,
  -0.047951214015483856,
  0.035821035504341125,
  0.038577839732170105,
  -0.0570109486579895,
  0.01825614646077156,
  0.032984890043735504,
  -0.0825854167342186,
  0.0017528586322441697,
  -0.08737468719482422,
  -0.06467419117689133,
  -0.05172986909747124,
  0.03620986267924309,
  0.05088846758008003,
  0.054852500557899475,
  0.05214245617389679,
  0.03970321640372276,
  -0.014297908172011375,
  0.04274427518248558,
  0.0349578931927681,
  -0.019604261964559555,
  0.04584859684109688,
  -0.01410034392029047,
  0.04585118591785431,
  0.0020780498161911964,
  0.0036183109041303396,
  0.06541818380355835,
  -0.06119762361049652,
  0.021620020270347595,
  -0.07503930479288101,
  0.007045192644000053,
  -0.07333556562662125,
  0.031100500375032425,
  0.030039945617318153,
  0.02354910597205162,
  0.030034728348255157,
  0.03816084563732147,
  0.03396276757121086,
  0.035594623535871506,
  0.0058114370331168175,
  -0.019481807947158813,
  -0.0034015777055174112,
  0.037492264062166214,
  0.005967254284769297,
  0.022444948554039,
  -0.06555468589067459,
  0.06388789415359497,
  0.01340933982282877,
  -0.07702033221721649,
  0.03398691862821579,
  0.04699207842350006,
  -0.0005118088447488844,
  0.05286358669400215,
  0.03634287789463997,
  0.03638642653822899,
  0.014136109501123428,
  0.018879441544413567,
  0.03806208074092865,
  0.017616691067814827,
  -0.03546103835105896,
  0.009026345796883106,
  -0.07180119305849075,
  0.02566581405699253,
  0.030297579243779182,
  0.033140551298856735,
  -0.07410811632871628,
  -0.07529552280902863,
  -0.0006743379635736346,
  0.053644247353076935,
  0.03460463508963585,
  -0.06326984614133835,
  0.037399157881736755,
  0.049506574869155884,
  0.011345337145030499,
  0.02125750295817852,
  -0.09538658708333969,
  0.0011029072338715196,
  0.030289245769381523,
  0.02100514806807041,
  0.03942495584487915,
  -0.049355510622262955,
  0.023372158408164978,
  0.021774059161543846,
  0.03367122635245323,
  -0.0047669862397015095,
  0.04714033007621765,
  0.029837071895599365,
  -0.037947140634059906,
  0.039499107748270035,
  0.02069592848420143,
  -0.07836300879716873,
  0.022309409454464912,
  0.028333205729722977,
  0.03163553401827812,
  -0.003630409948527813,
  0.019240040332078934,
  0.0409117266535759,
  0.03404224291443825,
  0.025267263874411583,
  -0.0007178042433224618,
  0.04312710836529732,
  -0.08010511100292206,
  -0.04623066633939743,
  -0.016176803037524223,
  0.0049473000690341,
  -0.049522917717695236,
  0.043619684875011444,
  -0.04732424393296242,
  0.02591661922633648,
  -0.03449175879359245,
  0.009918994270265102,
  0.040192123502492905,
  -0.06517796218395233,
  0.07162898778915405,
  0.056970685720443726,
  -0.0713033527135849,
  -0.10407596081495285,
  -0.05634428560733795,
  0.013617568649351597,
  0.026218734681606293,
  0.05195176601409912,
  -0.07596804201602936,
  0.055156074464321136,
  0.06260920315980911,
  0.0012491667876020074,
  -0.03706679493188858,
  0.027952803298830986,
  0.03167467936873436,
  -0.038808584213256836,
  -0.001413483638316393,
  0.016285864636301994,
  -0.07918291538953781,
  0.036598097532987595,
  0.0637892559170723,
  0.021547218784689903,
  -0.05654747784137726,
  -0.06565308570861816,
  -0.07155943661928177,
  0.012794984504580498,
  -0.06352061033248901,
  0.1062459796667099,
  0.03691922128200531,
  -0.038687512278556824,
  -0.004175729583948851,
  0.030718384310603142,
  -0.04073536768555641,
  0.04974127933382988,
  -0.08558660745620728,
  0.033158108592033386,
  0.004821753595024347,
  0.0453922301530838,
  0.03361927345395088,
  0.01495169848203659,
  -0.05298132449388504,
  0.01739899255335331,
  0.025426046922802925,
  0.032922953367233276,
  0.0014563347212970257,
  0.03725045919418335,
  -0.04376297444105148,
  0.051501981914043427,
  -0.015476294793188572,
  -0.0010771568631753325,
  0.02310638688504696,
  0.023458261042833328,
  0.04579851031303406,
  0.03699206933379173,
  -0.0801062285900116,
  -0.10763446986675262,
  0.034744828939437866,
  0.01854569837450981,
  0.020978575572371483,
  0.023823190480470657,
  0.02619643323123455,
  -0.06866162270307541,
  0.03650481626391411,
  0.06703225523233414,
  0.01784561201930046,
  0.018378006294369698,
  -0.03299400955438614,
  0.04887848347425461,
  -0.015118095092475414,
  -0.018729258328676224,
  0.026058221235871315,
  -0.07738088816404343,
  0.004380692262202501,
  -0.005043295212090015,
  0.03426038846373558,
  -0.040574491024017334,
  -0.021318469196558,
  0.020515842363238335,
  0.013078057207167149,
  0.008199131116271019,
  0.019159136340022087,
  -0.0619254931807518,
  -0.049935195595026016,
  -0.06699448078870773,
  -0.033057957887649536,
  0.02732440084218979,
  -0.00257563847117126,
  -0.00870781671255827,
  0.008602247573435307,
  -0.06389307975769043,
  -0.012859603390097618,
  -0.0880555734038353,
  -0.11225628107786179,
  -0.026319915428757668,
  -0.07105065882205963,
  0.005401418544352055,
  0.017280621454119682,
  -0.017233066260814667,
  -0.051286179572343826,
  0.03167971223592758,
  0.054991815239191055,
  0.044188521802425385,
  0.05006781220436096,
  -0.03429979830980301,
  -0.06115336716175079,
  -0.00760904373601079,
  -0.01724710315465927,
  0.0407162681221962,
  0.04034546762704849,
  0.01182565838098526,
  0.03819076344370842,
  0.00465259188786149,
  0.026660002768039703,
  -0.06699634343385696,
  0.025365490466356277,
  0.02492673695087433,
  0.04744364321231842,
  0.0008662294712848961,
  -0.0389721617102623,
  0.02618597261607647,
  0.03757932409644127,
  0.003263887483626604,
  -0.012010988779366016,
  -0.005831742659211159,
  0.05749359726905823,
  0.05273323878645897,
  0.032090701162815094,
  0.05172444134950638,
  0.0045718844048678875,
  0.015839871019124985,
  0.014001954346895218,
  -0.0669751837849617,
  -0.04716024547815323,
  0.033776119351387024,
  -0.006832497660070658,
  0.023134596645832062,
  0.03927658125758171,
  0.058908507227897644,
  -0.06038794666528702,
  0.06472791731357574,
  0.014928466640412807,
  -0.032128456979990005,
  0.052873190492391586,
  0.03230012580752373,
  -0.001215010299347341,
  0.02662515453994274,
  0.018529260531067848,
  0.004421627148985863,
  -0.05198047682642937,
  -0.0813901275396347,
  0.0014244053745642304,
  -0.005158707965165377,
  0.0380711704492569,
  0.06776507943868637,
  -0.06683216989040375,
  -0.0579657144844532,
  0.009929533116519451,
  0.03191528096795082,
  0.03145040199160576,
  0.04351196810603142,
  -0.056503456085920334,
  0.041629891842603683,
  -0.06230113282799721,
  -0.006517794914543629,
  -0.043804462999105453,
  0.03215160220861435,
  -0.027369067072868347,
  0.038148991763591766,
  -0.004915655590593815,
  0.0048734163865447044,
  -0.05014552175998688,
  -0.004832349717617035,
  -0.07109534740447998,
  -0.05005165934562683,
  0.006795364432036877,
  0.06457538902759552,
  -0.07568962872028351,
  0.0555710531771183,
  0.04223976656794548,
  -0.015024693682789803,
  -0.0164675023406744,
  0.030045419931411743,
  0.03067864291369915,
  -0.014498175121843815,
  0.029429621994495392,
  -0.06043894961476326
]
